11509
16199
21670
28619
33737
37809
41084
44118
47181
49425
52139
55206
60984
64407
68448
71861
74643
77001
79742
82809
85876
88943
92010
95077
99924
104278
107345
110706
113479
116546
119613
122680
125747
128814
131881
134948
138448
141621
144198
147216
150283
156340
158036
159484
162551
165618
168685
171752
174819
177886
180953
184020
187087
190154
193221
196288
200680
205489
208601
211623
214690
217757
220824
223891
226958
230025
233092
236159
239226
242293
245360
248427
251494
254561
257628
260695
263762
266829
270222
273132
276030
279097
282164
285231
288298
291365
294432
297499
300566
303633
306700
309767
313500
318968
322035
325102
328169
331236
334303
337370
340437
343504
346571
349638
352705
355772
358839
361906
364973
369704
371107
374174
379092
380308
383375
386442
389509
392576
395643
398710
401777
404844
407911
410978
414045
418509
421170
425072
426313
429380
432447
435514
438581
441648
444715
447782
450849
453916
456983
460050
463117
466184
469251
472318
475385
478452
481519
484586
487653
490720
493787
496854
499921
502988
506055
509122
512189
515256
518323
521390
526322
528426
530591
533658
536725
539792
542859
545926
548993
552060
555127
558194
561261
564328
567395
570462
573613
576596
579663
582730
585797
588864
591931
594998
598065
601132
604199
607266
610333
613400
616467
619534
622601
625668
629313
631802
634869
637936
641003
644070
647137
650204
653271
656338
659405
662472
665539
668606
671673
674740
678972
682249
685575
687008
690075
693142
696209
699276
702343
705410
708477
711544
714611
717678
720745
723812
726879
729946
733013
736080
739147
742214
745281
748348
751415
754482
757549
760616
763683
766750
769817
772884
775951
779018
782085
785152
788219
791286
794353
800487
803554
806621
809688
812755
815822
818889
821956
825023
828090
831157
834224
837291
840358
843425
846492
849559
852626
855693
858760
861827
864894
867961
871028
874095
877162
880229
883296
886363
889430
892497
895564
898631
901698
905762
907832
910899
913966
917033
920100
923167
926234
929301
932368
935435
938502
941569
944636
949735
950818
953837
956904
959971
963038
966105
969172
972239
975306
978373
981440
984507
987574
990641
993708
996775
999842
135
34375
62978
88048
110932
131959
150774
281155
368675
399976
425877
446495
467250
523610
597273
671080
703229
726151
746903
795644
868481
941732
985911
1010173
1089704
1313054
1420526
1449367
1528342
1603144
1645821
1813820
1925068
1962372
2046453
2094453
2142107
2364132
2488962
2560022
2591543
2666714
2745273
3044581
3183545
3258298
3297338
3376056
3451334
3480484
3683353
3760907
3792183
3867278
3945765
3980687
4257518
4335378
4398699
4478494
4540486
4576907
4847565
4895574
4988442
5042523
5086744
5149728
5566535
5682235
5739320
5787790
5862441
5936973
6497081
6632823
6667421
6818646
6885723
6985533
7519942
7653900
7723206
7772694
7848079
7923939
8643217
8789761
8849959
8930129
9009484
9057994
9109536
9897713
9971398
10073563
10174340
10286976
10357917
11401710
11488983
11621727
11675622
11754591
11829923
12287042
12390256
12429409
12507759
12581955
12611286
13083170
13166087
13233308
13312626
13370904
13412554
13898391
14026011
14082321
14152105
14226275
14281165
14890018
15029285
15075073
15156441
15242658
15272040
15649998
15758363
15815316
15908941
15940693
16009847
16780008
16889562
16971681
17052607
17091799
17155121
17188554
17940382
17987866
18095620
18129753
18167669
18249263
19133233
19236225
19366533
19445569
19550862
19586520
20339184
20425750
20509462
20584253
20612544
20684254
21752010
21822294
21921238
21981750
22027430
22119785
23273509
23372052
23442946
23540962
23581623
23647815
25167239
25284576
25348647
25447800
25473905
25553763
27093581
27245177
27305285
27434373
27513581
27621843
27651236
29196039
29260365
29342789
29422472
29459225
29517662
30262089
30353621
30408635
30487502
30558262
30582786
31244257
31347469
31394177
31480509
31556123
31576645
32355170
32473828
32509131
32591400
32661666
32689399
33641674
33775216
33806108
33888603
33963422
34007546
35262774
35396217
35436678
35543201
35599247
35655480
36469672
36614899
36672798
36744589
36838489
36876108
38177917
38328924
38399597
38465540
38564749
38606415
38676886
39973634
40058924
40123325
40212311
40265337
40324947
41921311
42021657
42083193
42182996
42223682
42301538
43957816
44068754
44112650
44212429
44257763
44320173
45966060
46083466
46159777
46180218
46243092
46332085
48383599
48510610
48539960
48636607
48715201
48750481
50747361
50833996
50933716
50998943
51042769
51100903
52967236
53119629
53164614
53247890
53320769
53367055
53427199
53998964
54079329
54105775
54179827
54252623
54295062
55046694
55148820
55206620
55298454
55355499
55406868
56227340
56331996
56383708
56481570
56537949
56590517
57941592
58065503
58094812
58193064
58273169
58305092
59414953
59552654
59583161
59675185
59762942
59792635
60196299
60337386
60383958
60528191
60601222
60709013
61481304
61611358
61640452
61732388
61795514
61833958
62899133
63046156
63091619
63183767
63252208
63303478
63352638
64486888
64531413
64641082
64683800
64746749
64788739
66328152
66392072
66482528
66568465
66597251
66667537
68702277
68804916
68855263
68928110
69000467
69029011
70934294
71043264
71104818
71198523
71266365
71291405
73064787
73198629
73302999
73414628
73494752
73553375
75893556
76034691
76085754
76175368
76266464
76289018
76815389
76962182
77028295
77097631
77194594
77230294
77303802
78349503
78429492
78496326
78593857
78635477
78707029
79662100
79753029
79815204
79908388
79956717
80018125
81580523
81633404
81742370
81763175
81853106
81874437
83270684
83392707
83421947
83517790
83583499
83630068
83961872
84095221
84126796
84217318
84304190
84329815
84746147
84891187
84932733
85038154
85113488
85151436
85688408
85834514
85891684
85975807
86068227
86094059
86676508
86825037
86898340
86978678
87072422
87105286
87190623
87778961
87864518
87932006
88024808
88046451
88138593
88890689
88991819
89039531
89137601
89179243
89250139
90298437
90345523
90457792
90493093
90566304
90605176
91945072
92075780
92104883
92200045
92285019
92314280
94306339
94441294
94485063
94571629
94665502
94687362
95405009
95545812
95596664
95676796
95770913
95804405
97057126
97204406
97269397
97320903
97414510
97474825
97521638
98755499
98837263
98893921
98987598
99044189
99099947
100612313
100704349
100759529
100852012
100891018
100961649
102740444
102847233
102876690
102971362
103038987
103085829
103860018
103987494
104019523
104126346
104200493
104238936
105223212
105357114
105390404
105490914
105572472
105606396
106718774
106859140
106906639
106995806
107089030
107110381
108206458
108353275
108411438
108500971
108592770
108614823
109549184
109697530
109769975
109837102
109930699
109976739
110042176
111318919
111405139
111465264
111563924
111612526
111672071
112652354
112753817
112805780
112904523
112960758
113019528
114663343
114781385
114821897
114923441
114993282
115034291
116643290
116775500
116809518
116911120
116986976
117025294
118250203
118389516
118426007
118519369
118605831
118633123
119055793
119200499
119254127
119339352
119432865
119458948
120283024
120430118
120496442
120578054
120671600
120702611
120783045
122095237
122176151
122248425
122341976
122381174
122454452
124108458
124205169
124263153
124358698
124412428
124471432
126827911
126941569
126971703
127064635
127149078
127176515
128258248
128382736
128417405
128516301
128591293
128628972
129966625
130101328
130136588
130293028
130364919
130459489
131785272
131921300
131958510
132038920
132110201
132144297
133885751
134034705
134104643
134205814
134306080
134364966
135879009
136027388
136089612
136179243
136266157
136298175
136371193
138346268
138441992
138504203
138586282
138632500
138693521
140646306
140704548
140816640
140843912
140920813
140949124
142734803
142837849
142866939
142930952
143010703
143078517
145203303
145318544
145368932
145463141
145527284
145567695
147383153
147481830
147554089
147634162
147688970
147728521
150017821
150152118
150195159
150289931
150362777
150393791
150709783
150857901
150896317
150998303
151071527
151107689
151172739
151688277
151735289
151840295
151913414
151945149
152020456
152824892
152910009
152971220
153044965
153115128
153137222
153821536
153874440
153994844
154040896
154094869
154180440
155375021
155473694
155541346
155628158
155697943
155720504
157072783
157211731
157240995
157319337
157392213
157443730
159758831
159903719
159951156
160041973
160129291
160153550
162269982
162421197
162480247
162540297
162633134
162684462
162740030
165339589
165414264
165491462
165577961
165599625
165686998
167914189
168002838
168064963
168153718
168208940
168258698
170855193
170962587
171013331
171112453
171174843
171224655
174619535
174739326
174767855
174866572
174945443
174978805
177574231
177707763
177737709
177839433
177917447
177946645
181146275
181286798
181327417
181424891
181505845
181532467
184350934
184498324
184555381
184641404
184729486
184753185
185684442
185830882
185899928
185968398
186062977
186108908
186175989
187036375
187119893
187180682
187274298
187322953
187385888
188647225
188745207
188796353
188891233
188954204
189003879
190234160
190348245
190386729
190486318
190556823
190599701
191852803
191979530
192012862
192117441
192189568
192229586
192588342
192727740
192762889
192863413
192950441
192976547
194126516
194266719
194316794
194399170
194493120
194520884
195867048
196013457
196075347
196150019
196243087
196278737
196352298
198124620
198200141
198272342
198369438
198390824
198483326
200688420
200778359
200839285
200932649
200983870
201044346
203323917
203428921
203473344
203575724
203640072
203693237
206758819
206878302
206909991
207009315
207085667
207120988
210294985
210428798
210458893
210554764
210637835
210666508
214637046
214777170
214819048
214903348
214997439
215022254
215760507
215900731
215961251
216040488
216125599
216146388
217416418
217565723
217634318
217717628
217811331
217840501
217913641
219295254
219377243
219442833
219541227
219586491
219655445
221377658
221475696
221535673
221635051
221686239
221754483
223400861
223512503
223564889
223659285
223718983
223771906
224106091
224237753
224274392
224376682
224450467
224495464
225364895
225442549
225544339
225592627
225661965
225699901
226280424
226420743
226466545
226564973
226653638
226679739
228180779
228327599
228389473
228467434
228561847
228595799
228678603
230333439
230405760
230488142
230526027
230599491
230638610
232761970
232857733
232912218
233006114
233063988
233117362
235890633
236002935
236046779
236126914
236200125
236239507
239498879
239625737
239660721
239757478
239819515
239862839
243525910
243659472
243690769
243786408
243851510
243897981
244618976
244754369
244799270
244883598
244977364
245000602
246375312
246521100
246576489
246664842
246757930
246779806
248087808
248235228
248305263
248378252
248472042
248511648
248585293
250244223
250325976
250363736
250464705
250534858
250576259
252892695
252989846
253044466
253143524
253198895
253257959
254035154
254151781
254194631
254288588
254341725
254395485
255344417
255473160
255504485
255586975
255680646
255706342
256834261
256973042
257010805
257102927
257195553
257217849
258189810
258334798
258384425
258477551
258565224
258589249
259680971
259829064
259893178
259970184
260063549
260096717
260177125
261309031
261384496
261445125
261539414
261589720
261653073
263092912
263183950
263243045
263340282
263392459
263453003
264694270
264800973
264866399
265008519
265085686
265157566
266395384
266483141
266564191
266656212
266695168
266756108
268013866
268105197
268199583
268279667
268311211
268390195
270076864
270160911
270254451
270326966
270364559
270429302
271668811
271819750
271859416
271943789
272011791
272059178
273699070
273836836
273892498
273984760
274051188
274079164
274161515
275936541
275977182
276080244
276151960
276184145
276251818
278872705
278969107
279028021
279116543
279179942
279223285
282656914
282782126
282811943
282918030
282992580
283030135
284070883
284202220
284232086
284340504
284412940
284444704
286080406
286219675
286259988
286354292
286418377
286471898
287763865
287909222
287959249
288051546
288142831
288163679
289901301
290051872
290116127
290202006
290295080
290322579
290406773
292068671
292145805
292224513
292279804
292331523
292387725
294448124
294541104
294597046
294685115
294745693
294791601
296789860
296899582
296949186
297042015
297105865
297154002
299086183
299191034
299271513
299401200
299482259
299547673
301520504
301655441
301686963
301774313
301865946
301888873
302124607
302210917
302294648
302375599
302407626
302482938
303175603
303322968
303354997
303430301
303497852
303555899
304076734
304225339
304285360
304356692
304428277
304490150
304524113
305725850
305772732
305869274
305941292
305985785
306041491
308112299
308197451
308260517
308332669
308402192
308427126
309596347
309685971
309758600
309837127
309906499
309931809
311625780
311746525
311789115
311864201
311936578
311975709
313403061
313506035
313577774
313666619
313690427
313783394
316298357
316387213
316454723
316557083
316580559
316660374
318781339
318900745
318949686
319048849
319116932
319142413
319225302
321869150
321932985
322020212
322099498
322154838
322194136
325042158
325107500
325181647
325254407
325307554
325348279
328480839
328600605
328628458
328722042
328808086
328835579
332295506
332424113
332452999
332556599
332633822
332669891
333358235
333471298
333526814
333632368
333684760
333745695
334669305
334808552
334853906
334938189
335031222
335056697
335903471
336045389
336106779
336193136
336286034
336311019
337408206
337557290
337632389
337701449
337799692
337839775
337912283
339097633
339188497
339246270
339340235
339394738
339458089
340900947
341003280
341063836
341158238
341211979
341272872
343548316
343665189
343708005
343802842
343876224
343910365
346418860
346549003
346579306
346659079
346729701
346776197
349879457
350005726
350048278
350119968
350188281
350245239
353415026
353552446
353604053
353680200
353747963
353802213
357430583
357570488
357635599
357719019
357801110
357847585
357904989
361777570
361855093
361938380
362025951
362059508
362138386
366548037
366638421
366699614
366772990
366797777
366881535
371676480
371793838
371825648
371896965
371964532
372018101
372598029
372703180
372757069
372830907
372902782
372934719
373935237
374001901
374088174
374168270
374213690
374267397
375297062
375377086
375472253
375551163
375574707
375656681
377144191
377284024
377334653
377384376
377471480
377543440
377574425
378201459
378272221
378347671
378435193
378475917
378539323
379214332
379281450
379356070
379427460
379490608
379519196
381097166
381175273
381254012
381337958
381381851
381433992
383920763
384026496
384080883
384171438
384239439
384268650
387625739
387746345
387786633
387851180
387937506
388058200
391735974
391868436
391913167
392003787
392094087
392115665
396106859
396209062
396294015
396357616
396412100
396469952
400730101
400869817
400935130
401011136
401099478
401137231
401206628
406795087
406874072
406935708
407027467
407066430
407129050
412737850
412830481
412892841
412986689
413038685
413100566
418766468
418846006
418959069
419060302
419152031
419238775
420002816
420074144
420187406
420239068
420291203
420342545
421953535
422079123
422107962
422201516
422277024
422328204
423676646
423762873
423874947
423930488
423988501
424061040
425712959
425824711
425907362
426007850
426140299
426172680
426259326
428503598
428576678
428654766
428740617
428776851
428847052
429180340
429264362
429328958
429421048
429468072
429529198
430303114
430403120
430465200
430566193
430612305
430678260
431434709
431552212
431599549
431693302
431761104
431801916
432901452
433033716
433065431
433169828
433245498
433276818
434175304
434304254
434347092
434447338
434529977
434558472
435657637
435796223
435852107
435938046
436026163
436055870
437708292
437849417
437918939
437990374
438081475
438121789
438187109
440561310
440643203
440703357
440782044
440854214
440886213
443735370
443824747
443896784
443976457
444040910
444078906
444902932
444958777
445077496
445129548
445177255
445259949
446536130
446643964
446699538
446857012
446920236
446999781
448481256
448603153
448655686
448732191
448814088
448859910
450765847
450852742
450943816
451018759
451056829
451142818
453105858
453247081
453295289
453383036
453469954
453502855
453575675
454269177
454349403
454432284
454470250
454550890
454607406
455835048
455912617
455972635
456060431
456125399
456166434
457180837
457219413
457324942
457393604
457418010
457504660
458732884
458783677
458908957
458958122
459005252
459090792
460332751
460446073
460521500
460612996
460641007
460727180
462371476
462500088
462543759
462638536
462720473
462743978
464618011
464752517
464806487
464892471
464974966
465007021
466686325
466826533
466892671
466967330
467053227
467092658
467161597
469072279
469151609
469220052
469306909
469355751
469412099
470089682
470181641
470237584
470325589
470384720
470431064
471706371
471810411
471867070
471955049
472016109
472060792
473231311
473352493
473398127
473504355
473563777
473610484
475773484
475900347
475935095
476028499
476114322
476136119
478724536
478857695
478906909
479000556
479086804
479113947
479809012
479907633
479992006
480062265
480149773
480248116
480337389
481676212
481754080
481842912
481882561
481967752
482046027
483359850
483443182
483509278
483609521
483667789
483715694
485671264
485717028
485834317
485879630
485940582
486041924
487435134
487511417
487605023
487692338
487713945
487810729
489834658
489967508
490006445
490098817
490193258
490215154
492191718
492270530
492370564
492427774
492483295
492568153
494380191
494475107
494558472
494648338
494670696
494764754
496963035
497108938
497172544
497231789
497317645
497396160
497416690
499768932
499841986
499932390
499968551
500049574
500129076
502448401
502511620
502616806
502640215
502724591
502800818
503147867
503245381
503310590
503406291
503476513
503511375
504549437
504614431
504715392
504768960
504834905
504875597
505445376
505571866
505615386
505726891
505789162
505848076
507012555
507150009
507181396
507274926
507363880
507388026
509362679
509481447
509547078
509645688
509700491
509745423
509845041
511584295
511627473
511732709
511811611
511832615
511925256
514814886
514915060
514960540
515061482
515133725
515180419
517944966
518001348
518108850
518140362
518222915
518282047
521280018
521380949
521433776
521533433
521616353
521639366
524911757
525041998
525080776
525192315
525274818
525297124
528832176
528910446
529021428
529068565
529135709
529221282
532879615
532972941
533067995
533130617
533192772
533241730
537282100
537428032
537485833
537572075
537656277
537702433
537764060
542481162
542563433
542592403
542702183
542779133
542817005
547331039
547376984
547494512
547535422
547600543
547692343
553164367
553233151
553360302
553431111
553538231
553591819
554385324
554514503
554544909
554651825
554725403
554763695
555999361
556127793
556168325
556267723
556350967
556381850
557445139
557584416
557639620
557722556
557811361
557844755
559585400
559683574
559704166
559793576
559874667
559900190
559971312
560449355
560530481
560578841
560679892
560742035
560793214
562849376
562869875
562940778
563027237
563074901
563127671
565597061
565703633
565735377
565825166
565909324
565932343
570255901
570376459
570407431
570508439
570584205
570621500
575117228
575245125
575278895
575380024
575460450
575492089
579627518
579761691
579809057
579898151
579986576
580011303
585145028
585280542
585340434
585427168
585518036
585543595
591161069
591302986
591374441
591464238
591556508
591580467
591664827
597990149
598074564
598151228
598244831
598281728
598358192
604191542
604291124
604343206
604417772
604489905
604513510
605902676
606015084
606055874
606135716
606203683
606237340
607405102
607531738
607571892
607658172
607729769
607758682
609248407
609380951
609424977
609515913
609587602
609623555
610989383
611128776
611179483
611256244
611327967
611376363
613441880
613553864
613620299
613710371
613739118
613810813
613835457
614450692
614529969
614596284
614669971
614730520
614762112
615724374
615818555
615871505
615949020
616019961
616042878
616795512
616900055
616948265
617030553
617103357
617127120
618956859
619078371
619108242
619202327
619270458
619306013
621458042
621548261
621615432
621702018
621722545
621783775
625083102
625217540
625263649
625345856
625418418
625447858
629653147
629753791
629835938
629911862
629949230
630019166
630041361
634610468
634682839
634755534
634831475
634869112
634927816
640295397
640380528
640432624
640506957
640574803
640601441
641324852
641423669
641475050
641556063
641611878
641648917
643251502
643363216
643410260
643491235
643556190
643588860
644855043
644982385
645015104
645103612
645175731
645211659
647256102
647388410
647432822
647503768
647575620
647617098
649774011
649909530
649962390
650048675
650123453
650147616
651008523
651153578
651219452
651286625
651358851
651419621
651451978
652667955
652749305
652813869
652889067
652950143
652980497
654133320
654223897
654252345
654337438
654409168
654448904
655961707
656070930
656118793
656206445
656276301
656298586
657472479
657535768
657626750
657687329
657723911
657791404
658837585
658968998
659002372
659087710
659159538
659198629
660597168
660732624
660780128
660864684
660932335
660975860
662477710
662621699
662679658
662743887
662815454
662876463
662904374
664880377
664953166
664997963
665083836
665155362
665179393
666742154
666830717
666877931
666951505
667023236
667053919
669488437
669588027
669642687
669728650
669794683
669818008
672073741
672186955
672231892
672311310
672379737
672412963
675548666
675679424
675711995
675798126
675866286
675909037
